Stk	Region	Year	model	agency	fc	actual	mod.agency	agency.actual	model.actual	ptcex	sym	kel
AKS	SEAK	1999	11866	NA	11866	12654	NA	NA	0.94	2	21	white
AKS	SEAK	2000	18967	NA	18967	15909	NA	NA	1.19	2	21	white
AKS	SEAK	2001	22130	NA	22130	21226	NA	NA	1.04	2	21	white
AKS	SEAK	2002	15650	NA	15650	19473	NA	NA	0.8	2	21	white
AKS	SEAK	2003	22316	NA	22316	14206	NA	NA	1.57	2	21	white
AKS	SEAK	2004	11880	NA	11880	16420	NA	NA	0.72	2	21	white
AKS	SEAK	2005	25204	NA	25204	16102	NA	NA	1.57	2	21	white
AKS	SEAK	2006	17966	NA	17966	20866	NA	NA	0.86	2	21	white
AKS	SEAK	2007	25653	NA	25653	15095	NA	NA	1.7	2	21	white
AKS	SEAK	2008	14626	NA	14626	13865	NA	NA	1.05	2	21	white
AKS	SEAK	2009	14362	NA	14362	11296	NA	NA	1.27	2	21	white
AKS	SEAK	2010	16445	NA	16445	16194	NA	NA	1.02	2	21	white
AKS	SEAK	2011	17065	NA	17065	11938	NA	NA	1.43	2	21	white
AKS	SEAK	2012	12557	NA	12557	6784	NA	NA	1.85	2	21	white
AKS	SEAK	2013	4838	NA	4838	8175	NA	NA	0.59	2	21	white
NTH	NBC	1999	149593	NA	149593	150775	NA	NA	0.99	4	21	white
NTH	NBC	2000	159818	NA	159818	185147	NA	NA	0.86	4	21	white
NTH	NBC	2001	189088	NA	189088	228774	NA	NA	0.83	4	21	white
NTH	NBC	2002	228073	NA	228073	136625	NA	NA	1.67	4	21	white
NTH	NBC	2003	154103	NA	154103	166568	NA	NA	0.93	4	21	white
NTH	NBC	2004	171070	NA	171070	152207	NA	NA	1.12	4	21	white
NTH	NBC	2005	154552	NA	154552	127075	NA	NA	1.22	4	21	white
NTH	NBC	2006	132710	NA	132710	151812	NA	NA	0.87	4	21	white
NTH	NBC	2007	156017	NA	156017	123565	NA	NA	1.26	4	21	white
NTH	NBC	2008	131262	NA	131262	105806	NA	NA	1.24	4	21	white
NTH	NBC	2009	119761	NA	119761	126605	NA	NA	0.95	4	21	white
NTH	NBC	2010	136998	NA	136998	113361	NA	NA	1.21	4	21	white
NTH	NBC	2011	119323	NA	119323	95175	NA	NA	1.25	4	21	white
NTH	NBC	2012	98010	NA	98010	78714	NA	NA	1.25	4	21	white
NTH	NBC	2013	86819	NA	86819	99874	NA	NA	0.87	4	21	white
RBH_RBT	WCVI	1999	78074	68400	68400	98400	1.14	0.7	0.79	4	21	black
RBH_RBT	WCVI	2000	21040	15040	15040	37090	1.4	0.41	0.57	4	21	black
RBH_RBT	WCVI	2001	33702	30633	30633	86787	1.1	0.35	0.39	4	21	black
RBH_RBT	WCVI	2002	128068	109882	109882	109882	1.17	1	1.17	4	21	black
RBH_RBT	WCVI	2003	111430	105801	105801	215345	1.05	0.49	0.52	4	21	black
RBH_RBT	WCVI	2004	166548	144180	144180	247500	1.16	0.58	0.67	4	21	black
RBH_RBT	WCVI	2005	244768	218840	218840	154594	1.12	1.42	1.58	4	21	black
RBH_RBT	WCVI	2006	152483	138878	138878	197097	1.1	0.7	0.77	4	21	black
RBH_RBT	WCVI	2007	151925	117321	117321	118082	1.29	0.99	1.29	4	21	black
RBH_RBT	WCVI	2008	67347	60255	60255	98744	1.12	0.61	0.68	4	21	black
RBH_RBT	WCVI	2009	76063	58382	58382	88429	1.3	0.66	0.86	4	21	black
RBH_RBT	WCVI	2010	75748	61586	61586	92534	1.23	0.67	0.82	4	21	black
RBH_RBT	WCVI	2011	98929	74708	74708	161914	1.32	0.46	0.61	4	21	black
RBH_RBT	WCVI	2012	70838	54765	54765	84432	1.29	0.65	0.84	4	21	black
RBH_RBT	WCVI	2013	32180	NA	32180	173632	NA	NA	0.19	4	21	white
GSQ	GS	1999	16472	NA	16472	16142	NA	NA	1.02	2	21	white
GSQ	GS	2000	19452	NA	19452	22200	NA	NA	0.88	2	21	white
GSQ	GS	2001	25828	NA	25828	35620	NA	NA	0.73	2	21	white
GSQ	GS	2002	41492	NA	41492	29986	NA	NA	1.38	2	21	white
GSQ	GS	2003	36882	NA	36882	31059	NA	NA	1.19	2	21	white
GSQ	GS	2004	39766	NA	39766	28359	NA	NA	1.4	2	21	white
GSQ	GS	2005	38798	NA	38798	31517	NA	NA	1.23	2	21	white
GSQ	GS	2006	39171	NA	39171	33024	NA	NA	1.19	2	21	white
GSQ	GS	2007	41711	NA	41711	22674	NA	NA	1.84	2	21	white
GSQ	GS	2008	30065	NA	30065	20641	NA	NA	1.46	2	21	white
GSQ	GS	2009	26173	NA	26173	19923	NA	NA	1.31	2	21	white
GSQ	GS	2010	26624	NA	26624	18523	NA	NA	1.44	2	21	white
GSQ	GS	2011	23998	NA	23998	19469	NA	NA	1.23	2	21	white
GSQ	GS	2012	25756	NA	25756	24304	NA	NA	1.06	2	21	white
GSQ	GS	2013	31498	NA	31498	22927	NA	NA	1.37	2	21	white
GSH	GS	1999	23648	NA	23648	20000	NA	NA	1.18	2	21	white
GSH	GS	2000	19165	NA	19165	20286	NA	NA	0.94	2	21	white
GSH	GS	2001	17547	NA	17547	27458	NA	NA	0.64	2	21	white
GSH	GS	2002	25051	NA	25051	23557	NA	NA	1.06	2	21	white
GSH	GS	2003	21222	NA	21222	24084	NA	NA	0.88	2	21	white
GSH	GS	2004	16573	NA	16573	22119	NA	NA	0.75	2	21	white
GSH	GS	2005	21046	NA	21046	28226	NA	NA	0.75	2	21	white
GSH	GS	2006	18169	NA	18169	22756	NA	NA	0.8	2	21	white
GSH	GS	2007	24378	NA	24378	13155	NA	NA	1.85	2	21	white
GSH	GS	2008	11765	NA	11765	13410	NA	NA	0.88	2	21	white
GSH	GS	2009	17551	NA	17551	14398	NA	NA	1.22	2	21	white
GSH	GS	2010	7999	NA	7999	14360	NA	NA	0.56	2	21	white
GSH	GS	2011	14671	NA	14671	9555	NA	NA	1.54	2	21	white
GSH	GS	2012	10104	NA	10104	8449	NA	NA	1.2	2	21	white
GSH	GS	2013	5568	NA	5568	7716	NA	NA	0.72	2	21	white
GST	GS	1999	14737	NA	14737	9032	NA	NA	1.63	1	21	white
GST	GS	2000	11094	NA	11094	8119	NA	NA	1.37	1	21	white
GST	GS	2001	7955	NA	7955	8836	NA	NA	0.9	1	21	white
GST	GS	2002	8833	NA	8833	8188	NA	NA	1.08	1	21	white
GST	GS	2003	8088	NA	8088	5374	NA	NA	1.51	1	21	white
GST	GS	2004	5157	NA	5157	3700	NA	NA	1.39	1	21	white
GST	GS	2005	4459	NA	4459	5415	NA	NA	0.82	1	21	white
GST	GS	2006	4070	NA	4070	7469	NA	NA	0.54	1	21	white
GST	GS	2007	7782	NA	7782	4778	NA	NA	1.63	1	21	white
GST	GS	2008	6823	NA	6823	4926	NA	NA	1.39	1	21	white
GST	GS	2009	5701	NA	5701	2966	NA	NA	1.92	1	21	white
GST	GS	2010	2972	NA	2972	5676	NA	NA	0.52	1	21	white
GST	GS	2011	10778	NA	10778	7873	NA	NA	1.37	1	21	white
GST	GS	2012	11433	NA	11433	6070	NA	NA	1.88	1	21	white
GST	GS	2013	8267	NA	8267	5668	NA	NA	1.46	1	21	white
FRE	FR	1999	163342	NA	163342	106000	NA	NA	1.54	4	21	white
FRE	FR	2000	118058	NA	118058	116750	NA	NA	1.01	4	21	white
FRE	FR	2001	122333	NA	122333	180952	NA	NA	0.68	4	21	white
FRE	FR	2002	170232	NA	170232	214347	NA	NA	0.79	4	21	white
FRE	FR	2003	202363	NA	202363	188183	NA	NA	1.08	4	21	white
FRE	FR	2004	185450	NA	185450	141029	NA	NA	1.31	4	21	white
FRE	FR	2005	151591	NA	151591	134461	NA	NA	1.13	4	21	white
FRE	FR	2006	141517	NA	141517	203212	NA	NA	0.7	4	21	white
FRE	FR	2007	196060	NA	196060	110884	NA	NA	1.77	4	21	white
FRE	FR	2008	128347	NA	128347	148284	NA	NA	0.87	4	21	white
FRE	FR	2009	153593	NA	153593	134307	NA	NA	1.14	4	21	white
FRE	FR	2010	144214	NA	144214	171819	NA	NA	0.84	4	21	white
FRE	FR	2011	174183	NA	174183	164913	NA	NA	1.06	4	21	white
FRE	FR	2012	175729	NA	175729	73865	NA	NA	2.38	4	21	white
FRE	FR	2013	83719	NA	83719	165698	NA	NA	0.51	4	21	white
FRL	FR	1999	144316	82650	82650	189400	1.75	0.44	0.76	4	21	black
FRL	FR	2000	187970	220400	220400	195542	0.85	1.13	0.96	4	21	black
FRL	FR	2001	141745	131800	131800	141196	1.08	0.93	1	4	21	black
FRL	FR	2002	132946	160100	160100	165245	0.83	0.97	0.8	4	21	black
FRL	FR	2003	127144	114780	114780	313929	1.11	0.37	0.41	4	21	black
FRL	FR	2004	104597	97227	97227	196396	1.08	0.5	0.53	4	21	black
FRL	FR	2005	121315	108061	108061	124704	1.12	0.87	0.97	4	21	black
FRL	FR	2006	115489	116682	116682	108639	0.99	1.07	1.06	4	21	black
FRL	FR	2007	122402	107311	107311	105385	1.14	1.02	1.16	4	21	black
FRL	FR	2008	125100	116038	116038	88012	1.08	1.32	1.42	4	21	black
FRL	FR	2009	119892	91391	91391	87365	1.31	1.05	1.37	4	21	black
FRL	FR	2010	119953	118891	118891	201334	1.01	0.59	0.6	4	21	black
FRL	FR	2011	353646	284604	284604	178224	1.24	1.6	1.98	4	21	black
FRL	FR	2012	107738	93652	93652	69530	1.15	1.35	1.55	4	21	black
FRL	FR	2013	70178	73584	73584	103422	0.95	0.71	0.68	4	21	black
NKS	PS	1999	1068	NA	1068	NA	NA	NA	NA	1	21	white
NKS	PS	2000	834	NA	834	NA	NA	NA	NA	1	21	white
NKS	PS	2001	982	NA	982	NA	NA	NA	NA	1	21	white
NKS	PS	2002	1216	NA	1216	NA	NA	NA	NA	1	21	white
NKS	PS	2003	1301	NA	1301	NA	NA	NA	NA	1	21	white
NKS	PS	2004	1708	NA	1708	NA	NA	NA	NA	1	21	white
NKS	PS	2005	1549	NA	1549	330	NA	NA	4.69	1	21	white
NKS	PS	2006	583	677	677	630	0.86	1.07	0.93	1	21	black
NKS	PS	2007	582	575	575	334	1.01	1.72	1.74	1	21	black
NKS	PS	2008	371	378	378	351	0.98	1.08	1.06	1	21	black
NKS	PS	2009	336	315	315	291	1.07	1.08	1.15	1	21	black
NKS	PS	2010	374	390	390	390	0.96	1	0.96	1	21	black
NKS	PS	2011	340	309	309	309	1.1	1	1.1	1	21	black
NKS	PS	2012	271	243	243	1236	1.12	0.2	0.22	1	21	black
NKS	PS	2013	1331	NA	1331	NA	NA	NA	NA	1	21	white
NKF	PS	1999	27472	27000	27000	27000	1.02	1	1.02	2	21	black
NKF	PS	2000	21277	19000	19000	24000	1.12	0.79	0.89	2	21	black
NKF	PS	2001	33974	36450	36450	36450	0.93	1	0.93	2	21	black
NKF	PS	2002	50361	54420	54420	53310	0.93	1.02	0.94	2	21	black
NKF	PS	2003	48259	45750	45750	45750	1.05	1	1.05	2	21	black
NKF	PS	2004	37980	34200	34200	17803	1.11	1.92	2.13	2	21	black
NKF	PS	2005	19808	19523	19523	14841	1.01	1.32	1.33	2	21	black
NKF	PS	2006	16795	16899	16899	30591	0.99	0.55	0.55	2	21	black
NKF	PS	2007	22086	18834	18834	23485	1.17	0.8	0.94	2	21	black
NKF	PS	2008	34392	35271	35271	28969	0.98	1.22	1.19	2	21	black
NKF	PS	2009	26072	23014	23014	21548	1.13	1.07	1.21	2	21	black
NKF	PS	2010	32061	32627	32627	32627	0.98	1	0.98	2	21	black
NKF	PS	2011	39144	37902	37902	37975	1.03	1	1.03	2	21	black
NKF	PS	2012	45719	43973	43973	41832	1.04	1.05	1.09	2	21	black
NKF	PS	2013	50065	48257	48257	42068	1.04	1.15	1.19	2	21	black
SNO	PS	1999	5823	5600	5600	5600	1.04	1	1.04	1	21	black
SNO	PS	2000	5997	6000	6000	6000	1	1	1	1	21	black
SNO	PS	2001	5876	5760	5760	5760	1.02	1	1.02	1	21	black
SNO	PS	2002	6524	6700	6700	7245	0.97	0.92	0.9	1	21	black
SNO	PS	2003	6033	5450	5450	5450	1.11	1	1.11	1	21	black
SNO	PS	2004	12845	15700	15700	10830	0.82	1.45	1.19	1	21	black
SNO	PS	2005	10161	NA	10161	4612	NA	NA	2.2	1	21	white
SNO	PS	2006	7824	8729	8729	8438	0.9	1.03	0.93	1	21	black
SNO	PS	2007	11153	12289	12289	4005	0.91	3.07	2.78	1	21	black
SNO	PS	2008	6103	6541	6541	8490	0.93	0.77	0.72	1	21	black
SNO	PS	2009	8503	8410	8410	2391	1.01	3.52	3.56	1	21	black
SNO	PS	2010	8050	9858	9858	9858	0.82	1	0.82	1	21	black
SNO	PS	2011	8281	7600	7600	1192	1.09	6.38	6.95	1	21	black
SNO	PS	2012	2506	2775	2775	5355	0.9	0.52	0.47	1	21	black
SNO	PS	2013	3835	3161	3161	3294	1.21	0.96	1.16	1	21	black
SKG	PS	1999	9107	7600	7600	7600	1.2	1	1.2	2	21	black
SKG	PS	2000	6988	7300	7300	16843	0.96	0.43	0.41	2	21	black
SKG	PS	2001	9064	9183	9183	14005	0.99	0.66	0.65	2	21	black
SKG	PS	2002	12635	13455	13455	19807	0.94	0.68	0.64	2	21	black
SKG	PS	2003	11906	11348	11348	11348	1.05	1	1.05	2	21	black
SKG	PS	2004	18761	20359	20359	21757	0.92	0.94	0.86	2	21	black
SKG	PS	2005	16220	19493	19493	21555	0.83	0.9	0.75	2	21	black
SKG	PS	2006	22402	21811	21811	21246	1.03	1.03	1.05	2	21	black
SKG	PS	2007	12324	14252	14252	12868	0.86	1.11	0.96	2	21	black
SKG	PS	2008	18598	18302	18302	14035	1.02	1.3	1.33	2	21	black
SKG	PS	2009	22193	20400	20400	10989	1.09	1.86	2.02	2	21	black
SKG	PS	2010	9894	11853	11853	7926	0.83	1.5	1.25	2	21	black
SKG	PS	2011	12556	13044	13044	8382	0.96	1.56	1.5	2	21	black
SKG	PS	2012	10020	8337	8337	8337	1.2	1	1.2	2	21	black
SKG	PS	2013	7287	13018	13018	13312	0.56	0.98	0.55	2	21	black
PSN	PS	1999	28800	28400	28400	28400	1.01	1	1.01	2	21	black
PSN	PS	2000	15364	10000	10000	20050	1.54	0.5	0.77	2	21	black
PSN	PS	2001	19938	18900	18900	18900	1.05	1	1.05	2	21	black
PSN	PS	2002	20008	19801	19801	21477	1.01	0.92	0.93	2	21	black
PSN	PS	2003	25743	26600	26600	26600	0.97	1	0.97	2	21	black
PSN	PS	2004	24616	23200	23200	33333	1.06	0.7	0.74	2	21	black
PSN	PS	2005	22208	17715	17715	13394	1.25	1.32	1.66	2	21	black
PSN	PS	2006	20182	21301	21301	23555	0.95	0.9	0.86	2	21	black
PSN	PS	2007	18964	17014	17014	22670	1.11	0.75	0.84	2	21	black
PSN	PS	2008	23118	21100	21100	23193	1.1	0.91	1	2	21	black
PSN	PS	2009	24698	23073	23073	8305	1.07	2.78	2.97	2	21	black
PSN	PS	2010	14734	15128	15128	19491	0.97	0.78	0.76	2	21	black
PSN	PS	2011	18115	15997	15997	11659	1.13	1.37	1.55	2	21	black
PSN	PS	2012	14396	13860	13860	17594	1.04	0.79	0.82	2	21	black
PSN	PS	2013	12079	8767	8767	NA	1.38	NA	NA	2	21	black
STL	PS	1999	1332	NA	1332	1098	NA	NA	1.21	1	21	white
STL	PS	2000	1370	1500	1500	1457	0.91	1.03	0.94	1	21	black
STL	PS	2001	1328	1360	1360	1360	0.98	1	0.98	1	21	black
STL	PS	2002	1372	1449	1449	1588	0.95	0.91	0.86	1	21	black
STL	PS	2003	1860	2050	2050	2050	0.91	1	0.91	1	21	black
STL	PS	2004	1795	NA	1795	1506	NA	NA	1.19	1	21	white
STL	PS	2005	1377	NA	1377	963	NA	NA	1.43	1	21	white
STL	PS	2006	1113	1169	1169	1254	0.95	0.93	0.89	1	21	black
STL	PS	2007	1424	1510	1510	785	0.94	1.92	1.81	1	21	black
STL	PS	2008	689	637	637	1800	1.08	0.35	0.38	1	21	black
STL	PS	2009	1268	1086	1086	1001	1.17	1.08	1.27	1	21	black
STL	PS	2010	898	817	817	817	1.1	1	1.1	1	21	black
STL	PS	2011	812	783	783	1017	1.04	0.77	0.8	1	21	black
STL	PS	2012	569	395	395	1534	1.44	0.26	0.37	1	21	black
STL	PS	2013	1393	1328	1328	854	1.05	1.56	1.63	1	21	black
PSF	PS	1999	66876	69285	69285	97685	0.97	0.71	0.68	4	21	black
PSF	PS	2000	67306	69800	69800	125850	0.96	0.55	0.53	4	21	black
PSF	PS	2001	102899	105955	105955	124855	0.97	0.85	0.82	4	21	black
PSF	PS	2002	114889	124608	124608	92234	0.92	1.35	1.25	4	21	black
PSF	PS	2003	114275	133850	133850	160450	0.85	0.83	0.71	4	21	black
PSF	PS	2004	127902	132300	132300	130922	0.97	1.01	0.98	4	21	black
PSF	PS	2005	104084	110542	110542	114814	0.94	0.96	0.91	4	21	black
PSF	PS	2006	107292	113486	113486	141591	0.95	0.8	0.76	4	21	black
PSF	PS	2007	127115	135714	135714	201012	0.94	0.68	0.63	4	21	black
PSF	PS	2008	166071	159200	159200	161118	1.04	0.99	1.03	4	21	black
PSF	PS	2009	138299	133187	133187	121132	1.04	1.1	1.14	4	21	black
PSF	PS	2010	138238	140074	140074	181842	0.99	0.77	0.76	4	21	black
PSF	PS	2011	172415	168642	168642	142763	1.02	1.18	1.21	4	21	black
PSF	PS	2012	153462	153989	153989	195888	1	0.79	0.78	4	21	black
PSF	PS	2013	189645	184783	184783	171004	1.03	1.08	1.11	4	21	black
WCN	WACST	1999	42129	43780	43780	27945	0.96	1.57	1.51	2	21	black
WCN	WACST	2000	34741	NA	34741	27290	NA	NA	1.27	2	21	white
WCN	WACST	2001	34563	35306	35306	27978	0.98	1.26	1.24	2	21	black
WCN	WACST	2002	33902	33489	33489	33489	1.01	1	1.01	2	21	black
WCN	WACST	2003	32785	NA	32785	25479	NA	NA	1.29	2	21	white
WCN	WACST	2004	28185	NA	28185	29715	NA	NA	0.95	2	21	white
WCN	WACST	2005	34857	NA	34857	37255	NA	NA	0.94	2	21	white
WCN	WACST	2006	43866	NA	43866	34150	NA	NA	1.28	2	21	white
WCN	WACST	2007	35695	32362	32362	36499	1.1	0.89	0.98	2	21	black
WCN	WACST	2008	32187	26923	26923	39246	1.2	0.69	0.82	2	21	black
WCN	WACST	2009	35485	31318	31318	38616	1.13	0.81	0.92	2	21	black
WCN	WACST	2010	39215	NA	39215	31783	NA	NA	1.23	2	21	white
WCN	WACST	2011	32205	NA	32205	43925	NA	NA	0.73	2	21	white
WCN	WACST	2012	45153	41500	41500	27812	1.09	1.49	1.62	2	21	black
WCN	WACST	2013	35464	34023	34023	34023	1.04	1	1.04	2	21	black
WCH	WACST	1999	35239	42752	42752	8964	0.82	4.77	3.93	2	21	black
WCH	WACST	2000	16244	NA	16244	14447	NA	NA	1.12	2	21	white
WCH	WACST	2001	15792	NA	15792	22859	NA	NA	0.69	2	21	white
WCH	WACST	2002	23678	NA	23678	21351	NA	NA	1.11	2	21	white
WCH	WACST	2003	20755	18222	18222	25812	1.14	0.71	0.8	2	21	black
WCH	WACST	2004	28900	NA	28900	24406	NA	NA	1.18	2	21	white
WCH	WACST	2005	28626	NA	28626	32421	NA	NA	0.88	2	21	white
WCH	WACST	2006	36950	NA	36950	38633	NA	NA	0.96	2	21	white
WCH	WACST	2007	41801	40497	40497	35880	1.03	1.13	1.17	2	21	black
WCH	WACST	2008	34841	31251	31251	36568	1.11	0.85	0.95	2	21	black
WCH	WACST	2009	41756	42595	42595	36908	0.98	1.15	1.13	2	21	black
WCH	WACST	2010	38347	NA	38347	35638	NA	NA	1.08	2	21	white
WCH	WACST	2011	38208	NA	38208	38810	NA	NA	0.98	2	21	white
WCH	WACST	2012	45128	44300	44300	43545	1.02	1.02	1.04	2	21	black
WCH	WACST	2013	33629	25304	25304	42907	1.33	0.59	0.78	2	21	black
CWS	COL	1999	3363	3950	3950	4296	0.85	0.92	0.78	2	21	black
CWS	COL	2000	4597	6050	6050	5598	0.76	1.08	0.82	2	21	black
CWS	COL	2001	3891	4849	4849	5508	0.8	0.88	0.71	2	21	black
CWS	COL	2002	5126	6800	6800	9910	0.75	0.69	0.52	2	21	black
CWS	COL	2003	8821	11700	11700	22691	0.75	0.52	0.39	2	21	black
CWS	COL	2004	18106	27350	27350	32344	0.66	0.85	0.56	2	21	black
CWS	COL	2005	16291	24850	24850	15700	0.66	1.58	1.04	2	21	black
CWS	COL	2006	10699	15250	15250	20081	0.7	0.76	0.53	2	21	black
CWS	COL	2007	8946	10600	10600	11959	0.84	0.89	0.75	2	21	black
CWS	COL	2008	8185	12400	12400	6741	0.66	1.84	1.21	2	21	black
CWS	COL	2009	5122	14400	14400	7183	0.36	2	0.71	2	21	black
CWS	COL	2010	14459	19409	19409	12410	0.74	1.56	1.17	2	21	black
CWS	COL	2011	8427	10602	10602	6264	0.79	1.69	1.35	2	21	black
CWS	COL	2012	7733	8724	8724	11627	0.89	0.75	0.67	2	21	black
CWS	COL	2013	9348	7727	7727	12147	1.21	0.64	0.77	2	21	black
WSH	COL	1999	46187	49875	49875	55801	0.93	0.89	0.83	3	21	black
WSH	COL	2000	57202	61211	61211	55900	0.93	1.1	1.02	3	21	black
WSH	COL	2001	59207	59600	59600	84000	0.99	0.71	0.7	3	21	black
WSH	COL	2002	73151	77434	77434	127200	0.94	0.61	0.58	3	21	black
WSH	COL	2003	108530	112521	112521	129700	0.96	0.87	0.84	3	21	black
WSH	COL	2004	113708	112701	112701	112701	1.01	1	1.01	3	21	black
WSH	COL	2005	105111	122280	122280	59500	0.86	2.06	1.77	3	21	black
WSH	COL	2006	48880	52388	52388	52388	0.93	1	0.93	3	21	black
WSH	COL	2007	44542	61071	61071	44509	0.73	1.37	1	3	21	black
WSH	COL	2008	20185	40851	40851	40050	0.49	1.02	0.5	3	21	black
WSH	COL	2009	44161	41205	41205	38110	1.07	1.08	1.16	3	21	black
WSH	COL	2010	70960	66360	66360	119114	1.07	0.56	0.6	3	21	black
WSH	COL	2011	117375	109600	109600	84603	1.07	1.3	1.39	3	21	black
WSH	COL	2012	105098	88202	88202	70153	1.19	1.26	1.5	3	21	black
WSH	COL	2013	58436	65982	65982	53062	0.89	1.24	1.1	3	21	black
SUM	COL	1999	21651	20900	20900	22276	1.04	0.94	0.97	3	21	black
SUM	COL	2000	27214	28038	28038	30700	0.97	0.91	0.89	3	21	black
SUM	COL	2001	27029	24500	24500	54521	1.1	0.45	0.5	3	21	black
SUM	COL	2002	70290	77700	77700	129000	0.9	0.6	0.54	3	21	black
SUM	COL	2003	97280	87600	87600	83084	1.11	1.05	1.17	3	21	black
SUM	COL	2004	83246	78569	78569	65446	1.06	1.2	1.27	3	21	black
SUM	COL	2005	66190	62400	62400	60060	1.06	1.04	1.1	3	21	black
SUM	COL	2006	75848	78512	78512	78196	0.97	1	0.97	3	21	black
SUM	COL	2007	56948	45555	45555	37200	1.25	1.22	1.53	3	21	black
SUM	COL	2008	50171	52000	52000	55500	0.96	0.94	0.9	3	21	black
SUM	COL	2009	68114	70700	70700	53878	0.96	1.31	1.26	3	21	black
SUM	COL	2010	81403	88800	88800	72364	0.92	1.23	1.12	3	21	black
SUM	COL	2011	89000	91900	91900	80574	0.97	1.14	1.1	3	21	black
SUM	COL	2012	91202	91200	91200	58300	1	1.56	1.56	3	21	black
SUM	COL	2013	72042	73500	73500	67570	0.98	1.09	1.07	3	21	black
BON_CWF	COL	1999	26651	34800	34800	37300	0.77	0.93	0.71	3	21	black
BON_CWF	COL	2000	17095	23700	23700	27000	0.72	0.88	0.63	3	21	black
BON_CWF	COL	2001	28732	32200	32200	94200	0.89	0.34	0.31	3	21	black
BON_CWF	COL	2002	100401	137600	137600	156400	0.73	0.88	0.64	3	21	black
BON_CWF	COL	2003	100196	115900	115900	154983	0.86	0.75	0.65	3	21	black
BON_CWF	COL	2004	64696	77100	77100	108300	0.84	0.71	0.6	3	21	black
BON_CWF	COL	2005	65971	74100	74100	77799	0.89	0.95	0.85	3	21	black
BON_CWF	COL	2006	49173	55800	55800	58317	0.88	0.96	0.84	3	21	black
BON_CWF	COL	2007	49219	54900	54900	32689	0.9	1.68	1.51	3	21	black
BON_CWF	COL	2008	58557	59000	59000	60268	0.99	0.98	0.97	3	21	black
BON_CWF	COL	2009	91519	88800	88800	76738	1.03	1.16	1.19	3	21	black
BON_CWF	COL	2010	95581	90600	90600	103055	1.05	0.88	0.93	3	21	black
BON_CWF	COL	2011	139873	133430	133430	108961	1.05	1.22	1.28	3	21	black
BON_CWF	COL	2012	132629	126999	126999	84798	1.04	1.5	1.56	3	21	black
BON_CWF	COL	2013	86456	94600	94600	193759	0.91	0.49	0.45	3	21	black
SPR	COL	1999	62831	65800	65800	49200	0.95	1.34	1.28	3	21	black
SPR	COL	2000	17335	21900	21900	20100	0.79	1.09	0.86	3	21	black
SPR	COL	2001	56089	56600	56600	125000	0.99	0.45	0.45	3	21	black
SPR	COL	2002	153070	144400	144400	160900	1.06	0.9	0.95	3	21	black
SPR	COL	2003	89116	96900	96900	180600	0.92	0.54	0.49	3	21	black
SPR	COL	2004	124820	138000	138000	175300	0.9	0.79	0.71	3	21	black
SPR	COL	2005	92021	114100	114100	93145	0.81	1.22	0.99	3	21	black
SPR	COL	2006	43421	50000	50000	27918	0.87	1.79	1.56	3	21	black
SPR	COL	2007	19421	21800	21800	14583	0.89	1.49	1.33	3	21	black
SPR	COL	2008	87109	87200	87200	79433	1	1.1	1.1	3	21	black
SPR	COL	2009	46652	59300	59300	48970	0.79	1.21	0.95	3	21	black
SPR	COL	2010	167251	169000	169000	130768	0.99	1.29	1.28	3	21	black
SPR	COL	2011	105900	116400	116400	70577	0.91	1.65	1.5	3	21	black
SPR	COL	2012	72135	63800	63800	56766	1.13	1.12	1.27	3	21	black
SPR	COL	2013	36276	38000	38000	86569	0.95	0.44	0.42	3	21	black
URB	COL	1999	173866	147500	147500	166700	1.18	0.88	1.04	4	21	black
URB	COL	2000	212317	171100	171100	155900	1.24	1.1	1.36	4	21	black
URB	COL	2001	150973	127200	127200	232500	1.19	0.55	0.65	4	21	black
URB	COL	2002	249721	281000	281000	276900	0.89	1.01	0.9	4	21	black
URB	COL	2003	246890	280400	280400	373200	0.88	0.75	0.66	4	21	black
URB	COL	2004	246943	292200	292200	367900	0.85	0.79	0.67	4	21	black
URB	COL	2005	318535	352200	352200	268744	0.9	1.31	1.19	4	21	black
URB	COL	2006	231319	253900	253900	227535	0.91	1.12	1.02	4	21	black
URB	COL	2007	168594	182400	182400	114491	0.92	1.59	1.47	4	21	black
URB	COL	2008	151839	162500	162500	196881	0.93	0.83	0.77	4	21	black
URB	COL	2009	259415	259900	259900	212047	1	1.23	1.22	4	21	black
URB	COL	2010	296816	310800	310800	324908	0.96	0.96	0.91	4	21	black
URB	COL	2011	388138	398200	398200	322234	0.97	1.24	1.2	4	21	black
URB	COL	2012	365693	353500	353500	294947	1.03	1.2	1.24	4	21	black
URB	COL	2013	437422	432500	432500	784117	1.01	0.55	0.56	4	21	black
LYF	COL	1999	542	NA	542	1631	NA	NA	0.33	1	21	white
LYF	COL	2000	1243	NA	1243	900	NA	NA	1.38	1	21	white
LYF	COL	2001	733	734	734	2652	1	0.28	0.28	1	21	black
LYF	COL	2002	2066	NA	2066	2185	NA	NA	0.95	1	21	white
LYF	COL	2003	2493	2185	2185	3895	1.14	0.56	0.64	1	21	black
LYF	COL	2004	4323	3725	3725	4000	1.16	0.93	1.08	1	21	black
LYF	COL	2005	4453	4000	4000	3454	1.11	1.16	1.29	1	21	black
LYF	COL	2006	8285	3500	3500	2743	2.37	1.28	3.02	1	21	black
LYF	COL	2007	3128	2700	2700	2016	1.16	1.34	1.55	1	21	black
LYF	COL	2008	2718	2534	2534	1598	1.07	1.59	1.7	1	21	black
LYF	COL	2009	5743	6952	6952	1430	0.83	4.86	4.02	1	21	black
LYF	COL	2010	2609	2610	2610	9583	1	0.27	0.27	1	21	black
LYF	COL	2011	9199	8006	8006	9215	1.15	0.87	1	1	21	black
LYF	COL	2012	10401	8683	8683	11115	1.2	0.78	0.94	1	21	black
LYF	COL	2013	15154	14900	14900	21124	1.02	0.71	0.72	1	21	black
MCB	COL	1999	37997	38300	38300	50100	0.99	0.76	0.76	3	21	black
MCB	COL	2000	53460	50600	50600	36800	1.06	1.38	1.45	3	21	black
MCB	COL	2001	45055	43500	43500	66400	1.04	0.66	0.68	3	21	black
MCB	COL	2002	102085	96200	96200	108300	1.06	0.89	0.94	3	21	black
MCB	COL	2003	126698	104800	104800	150300	1.21	0.7	0.84	3	21	black
MCB	COL	2004	94895	90400	90400	117600	1.05	0.77	0.81	3	21	black
MCB	COL	2005	93837	89400	89400	97900	1.05	0.91	0.96	3	21	black
MCB	COL	2006	90780	88300	88300	80471	1.03	1.1	1.13	3	21	black
MCB	COL	2007	77470	68000	68000	47106	1.14	1.44	1.64	3	21	black
MCB	COL	2008	59481	54000	54000	75489	1.1	0.72	0.79	3	21	black
MCB	COL	2009	99685	94400	94400	73069	1.06	1.29	1.36	3	21	black
MCB	COL	2010	82454	72600	72600	78937	1.14	0.92	1.04	3	21	black
MCB	COL	2011	108005	100000	100000	87263	1.08	1.15	1.24	3	21	black
MCB	COL	2012	100809	90800	90800	61850	1.11	1.47	1.63	3	21	black
MCB	COL	2013	113333	105200	105200	243434	1.08	0.43	0.47	3	21	black
LRW	COL	1999	3072	2600	2600	3400	1.18	0.76	0.9	2	21	black
LRW	COL	2000	4053	3500	3500	10200	1.16	0.34	0.4	2	21	black
LRW	COL	2001	16574	16700	16700	15700	0.99	1.06	1.06	2	21	black
LRW	COL	2002	18910	18200	18200	24900	1.04	0.73	0.76	2	21	black
LRW	COL	2003	25820	24600	24600	25900	1.05	0.95	1	2	21	black
LRW	COL	2004	24590	24100	24100	21200	1.02	1.14	1.16	2	21	black
LRW	COL	2005	21937	20200	20200	16767	1.09	1.2	1.31	2	21	black
LRW	COL	2006	19818	16600	16600	17896	1.19	0.93	1.11	2	21	black
LRW	COL	2007	10306	10100	10100	4276	1.02	2.36	2.41	2	21	black
LRW	COL	2008	4479	3800	3800	7120	1.18	0.53	0.63	2	21	black
LRW	COL	2009	9363	8500	8500	7533	1.1	1.13	1.24	2	21	black
LRW	COL	2010	11034	9700	9700	10862	1.14	0.89	1.02	2	21	black
LRW	COL	2011	13429	12500	12500	15180	1.07	0.82	0.88	2	21	black
LRW	COL	2012	17806	16200	16200	13926	1.1	1.16	1.28	2	21	black
LRW	COL	2013	16713	14200	14200	25841	1.18	0.55	0.65	2	21	black
ORC	ORCST	1999	65338	72084	72084	66039	0.91	1.09	0.99	4	21	black
ORC	ORCST	2000	61457	63259	63259	52889	0.97	1.2	1.16	4	21	black
ORC	ORCST	2001	58062	66412	66412	100548	0.87	0.66	0.58	4	21	black
ORC	ORCST	2002	73055	73914	73914	149649	0.99	0.49	0.49	4	21	black
ORC	ORCST	2003	101310	85483	85483	145302	1.19	0.59	0.7	4	21	black
ORC	ORCST	2004	135716	131904	131904	129579	1.03	1.02	1.05	4	21	black
ORC	ORCST	2005	133886	167213	167213	167211	0.8	1	0.8	4	21	black
ORC	ORCST	2006	125550	136373	136373	112797	0.92	1.21	1.11	4	21	black
ORC	ORCST	2007	108338	131195	131195	47011	0.83	2.79	2.3	4	21	black
ORC	ORCST	2008	53417	70101	70101	39615	0.76	1.77	1.35	4	21	black
ORC	ORCST	2009	32254	48072	48072	41800	0.67	1.15	0.77	4	21	black
ORC	ORCST	2010	51234	59806	59806	64799	0.86	0.92	0.79	4	21	black
ORC	ORCST	2011	73043	78199	78199	87646	0.93	0.89	0.83	4	21	black
ORC	ORCST	2012	82789	80749	80749	87540	1.03	0.92	0.95	4	21	black
ORC	ORCST	2013	70385	80095	80095	95594	0.88	0.84	0.74	4	21	black
